time,x,y,z,phi,theta,psi,x_velocity,y_velocity,z_velocity,phi_velocity,theta_velocity,psi_velocity,rotor_speed1,rotor_speed2,rotor_speed3,rotor_speed4
0.06,-1.9158067156698703e-08,-9.40471989874594e-08,10.00471201618317,6.282926006032749,2.231047804190922e-05,0.0,-1.8820667247414083e-06,-1.5443402471601908e-05,0.15705783454761438,-0.014787896597295704,0.001105407887260331,0.0,454.9043960040658,454.9928789509053,454.93055048546375,453.7452140939174
0.12000000000000001,-9.707969716531912e-07,-1.2160243453403066e-05,10.023172775325284,6.282179318347733,6.282962199059085,0.0,-2.175995400352557e-05,-0.0004939291652948778,0.4582286903450048,-0.008128235834400147,-0.017307797301027827,0.0,496.9789644095567,495.62780817515585,496.850985772773,497.33905183598137
0.18,7.237879253848122e-06,-6.61293104868834e-05,10.055829768012549,6.282196637066189,6.281879118369371,0.0,0.00041482189631068095,-0.001327146761146658,0.6302580703394428,0.01329770311062488,-0.019581417038536095,0.0,459.64392763684987,459.4638113801414,458.4595096675429,460.15850157824957
0.23999999999999996,6.405362340487336e-05,-0.0001635306191169383,10.097022635273774,6.28284582264191,6.280838476740765,0.0,0.0015936340360527112,-0.0018438140427658543,0.7427704976846808,0.005335596057339513,-0.013208020347637899,0.0,440.9278856105161,441.4540946968852,441.69838457762256,441.0412389016989
0.3,0.0002189219875073365,-0.00028096439082819183,10.147910102585183,6.282869219082489,6.279502232435792,0.0,0.0036771616156096227,-0.0020472994641840122,0.9533261802121493,-0.012009197939116844,-0.054825853644969044,0.0,473.6535945273129,470.44223528100025,471.1438406766826,469.80109560552347
0.36000000000000004,0.0005488556899978925,-0.0004151647220276885,10.212910165917027,6.28222466569666,6.275855643898026,0.0,0.007750374617812737,-0.002511557363127205,1.2131015426636331,-0.008322530140982276,-0.0766346248728267,0.0,486.89880601070394,485.26221721456625,485.55095021871716,485.82755026731877
0.4200000000000001,0.0012207623818046701,-0.0005924457306404009,10.293523188540362,6.281242598984587,6.272152655924188,0.0,0.015153435054967534,-0.0034788928626904173,1.4736959446223414,-0.04179120877937823,-0.04192876363120482,0.0,485.26005360174605,487.8552585635319,487.97469776172,485.47013822042015
0.48000000000000015,0.002374627140958207,-0.000852403953133038,10.385569847913414,6.278735453630787,6.269716617148633,0.0,0.023566843800557728,-0.0054493845824414855,1.5943614543903504,-0.04177485559750567,-0.038069238727018465,0.0,445.2752692214938,445.59000864355824,445.6923951877122,445.6927992998036
0.5400000000000001,0.004097544257528227,-0.0012888301257047061,10.4858307014333,6.2759806564216625,6.267699626507289,0.0,0.034095532338643944,-0.009384199278001371,1.7474405246493214,-0.055834404165974884,-0.02593894466778798,0.0,456.67785870998597,457.6438748419864,455.2390345806993,454.1114894476409
0.6000000000000002,0.0064533246228802715,-0.0020046481145923195,10.592667672406701,6.273381776526993,6.26596630653164,0.0,0.044587629887465556,-0.014756800490190148,1.813683759065454,-0.025799182344822875,-0.03555808751556702,0.0,429.4501446757566,428.6332181665586,427.91880867086763,430.4664200560892
0.6600000000000003,0.009559731535982503,-0.0031370301113976267,10.708299240160933,6.271723958328391,6.263622958355166,0.0,0.059221463654262056,-0.023178572577768335,2.0403182900544983,-0.03156943551655903,-0.047173603206961984,0.0,479.05109954507185,478.16643920643094,478.6694739682475,478.2300504798851
0.7200000000000003,0.01346794441912896,-0.004736894401561093,10.83077350599809,6.269384243508291,6.261568356232429,0.0,0.07125887779626391,-0.030328943973582014,2.0421469013992977,-0.06111662109341734,-0.016320492140904516,0.0,406.67342804473645,409.426732944757,410.9383047378757,408.309715488332
0.7800000000000004,0.018275505685854787,-0.006909820448018713,10.96004165632856,6.265810280358275,6.260394023923256,0.0,0.08911237957441685,-0.04253137607266496,2.266364314945698,-0.056633684681132564,-0.027031024336493504,0.0,478.2224310230484,477.40600086867255,479.30795934919115,479.64629619276
0.8400000000000004,0.024060753565699956,-0.009803390188286193,11.097353902687638,6.261918268502502,6.258350530694564,0.0,0.10389299861260014,-0.05425151221086838,2.3106107448689897,-0.09138497633409567,-0.05430921803825961,0.0,425.2442103251426,422.9004353615387,425.4660657716844,422.4765407815148
0.9000000000000005,0.030777150018841157,-0.013481287095215986,11.237317490160446,6.2559210811452175,6.255357272076797,0.0,0.12027630784728396,-0.06886996682869911,2.3547305719608724,-0.12862628839676388,-0.04225770257529445,0.0,423.69939537932555,424.7324700941215,425.81544934003546,422.60758542402885
0.9600000000000005,0.0385843803107242,-0.018211764339626867,11.381806256545268,6.247655785072132,6.252799581984567,0.0,0.14022034193694746,-0.08961335818948775,2.4613038039065818,-0.17080305624516018,-0.043379369064417424,0.0,443.9848119669073,443.89177988951946,446.8127607117384,443.34186990420613
1.0200000000000005,0.04750785534662612,-0.024206788177667568,11.528344901572892,6.237759177552171,6.250140826460008,0.0,0.15744566380982813,-0.11104357794974815,2.423357104788856,-0.15525357804744166,-0.04624697255269566,0.0,397.0615726868531,396.79703394789783,396.8099456152465,398.20509124574215
1.0800000000000005,0.057573265315529504,-0.031738322445783604,11.67450226021223,6.228370560775598,6.247237514726887,0.0,0.17832366484760456,-0.1408544391802003,2.4484462280762873,-0.15903984811404626,-0.05305649449246271,0.0,418.9552372260558,418.36115364834023,418.91522438625907,418.5610131625568
1.1400000000000006,0.06904040552839662,-0.04137773191728171,11.824727438910505,6.218809013850867,6.243776074054329,0.0,0.2042469901511718,-0.18143310150394978,2.558741445668728,-0.1600045510018871,-0.0690992117306025,0.0,448.1250759797808,446.8167682570273,445.4833069871618,445.38036673616625
1.2000000000000006,0.08214080311759751,-0.05365510584473047,11.981602875091273,6.209599895833442,6.2399403161153355,0.0,0.2328346715418319,-0.22876649527877843,2.670092744484052,-0.14289959809067004,-0.055203115458322655,0.0,446.95313376974445,448.081187993013,446.7535904812207,448.1237714800803
1.2600000000000007,0.09733126271407327,-0.06947044268247096,12.151891339880732,6.2009548737481275,6.23651985016506,0.0,0.2739376180973554,-0.2995241197209526,3.0052422801215912,-0.14656072255253821,-0.06088451505130053,0.0,512.4915384825043,512.0858008952644,514.5634519497183,514.2879111791763
1.3200000000000007,0.1149053982972929,-0.08945601326028245,12.33850776972594,6.19185521158553,6.23325166222498,0.0,0.31224555460341497,-0.36766473419825996,3.214608891301144,-0.16454045179422416,-0.044016021159145546,0.0,479.3929596402785,480.67118092293555,480.1703589695866,478.78430028637644
1.3800000000000008,0.13454751958063801,-0.11319038654761757,12.5316502054252,6.182343998175908,6.230761562874427,0.0,0.3427157464792153,-0.4243319819246078,3.223332204311359,-0.1486090026146609,-0.036896643411378875,0.0,418.6348481191573,419.252848024322,417.53772007380195,418.8995688426351
1.4400000000000008,0.15629903244631205,-0.1409512676594672,12.72977380992077,6.174335952449395,6.228555900699224,0.0,0.3825525187040592,-0.5019037237309336,3.380195909563056,-0.11348905321191487,-0.036491254263713704,0.0,465.9089782429241,465.9401194985135,464.58435667247824,467.31351590746726
1.5000000000000009,0.18038065890251465,-0.17332039901188562,12.93531583433587,6.1674310536030195,6.226275023956877,0.0,0.4203754015433666,-0.5777238691251039,3.4708086195439796,-0.11847052765271372,-0.04124919844492021,0.0,447.16596562971256,446.7775021223419,446.7345472641849,446.31637601005235
1.560000000000001,0.20668625902482293,-0.21019295201770724,13.144678061954437,6.160075858818271,6.224186407548693,0.0,0.4566774995380184,-0.652013628504115,3.5076887992158174,-0.1324341680908674,-0.024322568760537695,0.0,429.880198413174,431.31157605229834,430.74157008520893,429.54468660609007
1.620000000000001,0.23541950476233697,-0.25211248193120867,13.35981455560808,6.151702379578207,6.22307080570112,0.0,0.5012029256987948,-0.7461310345416442,3.662868510708624,-0.16021585872662208,-0.009073499074205928,0.0,468.29416442854193,469.47892407151653,468.25852117585936,466.074506118278
1.680000000000001,0.2664028637455278,-0.29889823926232784,13.576960384371851,6.142317642294181,6.22240087113831,0.0,0.5316314969504613,-0.8141349832473497,3.5754618722400813,-0.1497305131228267,-0.01571752087005185,0.0,390.5013074355137,389.88109160598646,388.6617590007702,389.6162745857386
1.740000000000001,0.2995515080967409,-0.35067024853876244,13.794177979989188,6.133437601733579,6.2212245419585255,0.0,0.5734039439212708,-0.9124506074905687,3.664640595335035,-0.14475165112203572,-0.028808867483727775,0.0,449.4258286661066,448.36345765356344,448.73583387592555,449.1195173635091
1.8000000000000012,0.3352154794085209,-0.4084801782768876,14.016446010035866,6.125020491359285,6.219641791631805,0.0,0.6155353817989375,-1.0153477737541468,3.7438218421035536,-0.13259347672540803,-0.021916330516514447,0.0,446.4136658948917,446.975618455535,446.4141099777128,447.3868805159787
1.8600000000000012,0.3734526405770504,-0.47266962455289613,14.243676099888406,6.117572326464678,6.218293658429742,0.0,0.6591427692735363,-1.1250162801725152,3.8300108475305645,-0.11108949339823919,-0.023597430454249578,0.0,449.0809649310343,448.94455180628825,450.15698943319717,451.8797907203883
1.9200000000000013,0.41430990138475277,-0.5435285178985504,14.475698863106375,6.110980958361495,6.216947712052583,0.0,0.7028754569000396,-1.2375521133736889,3.9036198682310355,-0.10749897274993837,-0.020198947331971757,0.0,446.6978798617303,446.9749245136182,447.22247844331105,447.504278683699
1.9800000000000013,0.4579488105755748,-0.6216178853898189,14.714084569578636,6.104387650579401,6.216331007850538,0.0,0.7518031894162392,-1.3660403616880241,4.041846418994043,-0.11515085838469531,0.0044850312897806235,0.0,467.3559840083471,469.2761834051199,468.2965011375505,467.690828821917
2.0400000000000014,0.5042325109374276,-0.7067690668336789,14.956361542319712,6.097668940750417,6.217010759107588,0.0,0.7909307436485032,-1.472926105305577,4.03387798318375,-0.10629300018188255,0.022356029005947273,0.0,422.84571466359057,424.3825204520124,421.9876109683647,422.73973714410124
2.1000000000000014,0.5530798725505197,-0.7991094513341747,15.20161291592115,6.0913215285842455,6.218816110936821,0.0,0.8371030795365099,-1.6056719637513572,4.140544133729734,-0.10480392778044681,0.04225397172060746,0.0,459.1180646564311,460.6944553496423,460.7930230888761,460.9013765074675
2.1600000000000015,0.6047212124266343,-0.899757015011752,15.45428848899487,6.08515485540638,6.221537280449379,0.0,0.8839310879063687,-1.7498208888525286,4.281195284150896,-0.0990088312755099,0.05092256519548669,0.0,471.5508689843359,472.2211449570404,472.04896143367915,472.4874730531527
2.2200000000000015,0.6593327167758688,-1.0099256558826577,15.719008186770285,6.07958822205064,6.225175600317042,0.0,0.9359307175429067,-1.9229850248890814,4.5414816880647155,-0.08257312050281013,0.07516611297305131,0.0,507.5209102749338,509.26012639692465,508.0506037325559,509.22155834058714
2.2800000000000016,0.716557457507511,-1.129198946020946,15.992423965219581,6.075146337314312,6.229744155200622,0.0,0.9711059295767392,-2.0532096652642964,4.5720521067977575,-0.0608785011676531,0.07802623283986773,0.0,441.65102361391615,441.89149900952964,441.2445361873283,443.02762809341743
2.3400000000000016,0.7759115287911575,-1.2568039759824703,16.26969392476359,6.070973791264443,6.234660419321296,0.0,1.006818525143711,-2.20061092800709,4.669665085193989,-0.09890838455216004,0.0887906127123885,0.0,464.10946352000815,464.95875019634144,464.6376168227287,461.6420394807667
2.4000000000000017,0.8372052693007026,-1.3929406245422247,16.550875926293198,6.065240469324259,6.240134107452366,0.0,1.035766040252135,-2.337802529262717,4.702678281160232,-0.08957932024192235,0.09570182912243022,0.0,444.33772579796977,444.9109885765748,444.62092089310335,445.3768798007214
2.4600000000000017,0.9001818787293042,-1.5377108229519145,16.835303601976303,6.059612394402265,6.245789790528892,0.0,1.0628417224045232,-2.4883586947227103,4.777649955257095,-0.10396174050406448,0.09121495514357429,0.0,458.8062515615143,458.45705573073326,459.893862615693,458.74583730735003
2.520000000000002,0.9646281480472124,-1.6914153681449347,17.123220402146686,6.05400603449039,6.25126371593031,0.0,1.084812709544549,-2.63565409593789,4.819105285737283,-0.07801699546088442,0.09126631337434478,0.0,449.0936746488587,449.1047346309975,449.179554359377,451.2713571693739
2.580000000000002,1.0301912142251566,-1.853395456622617,17.41071473885278,6.049784479539371,6.256703363990827,0.0,1.100165273484537,-2.76412497644726,4.764052426961293,-0.058292934062823785,0.08942232357304303,0.0,417.92683221740316,417.77350929488637,418.6368352956033,420.345608812754
2.640000000000002,1.096577350588657,-2.0231132564671603,17.69468056654829,6.046445735528064,6.2620825308588834,0.0,1.1122619724199894,-2.893513135944697,4.701536642138086,-0.05081887745983235,0.0901094367885123,0.0,416.7536743142141,416.82103438298356,414.98110346894157,415.63442474387153
2.700000000000002,1.1637207271878693,-2.202090895856043,17.980786195374876,6.043059314858196,6.267111881228958,0.0,1.1252398249386912,-3.0726474196466445,4.8344430178397095,-0.07110811597465658,0.0666866751839066,0.0,480.20186203183806,478.42654330945913,479.23375945522804,477.686801703809
2.760000000000002,1.231411298188502,-2.390014139722537,18.267119261662483,6.039551100199933,6.270674436872451,0.0,1.1308334293472582,-3.19191520078151,4.710314914467476,-0.04083892531205936,0.03781711799768409,0.0,397.88881496416224,395.2391559738733,394.2034230786406,396.98798340033653
2.820000000000002,1.2994032941178078,-2.5854443479294766,18.547138766052022,6.036789630595486,6.272863309607565,0.0,1.1353903400105225,-3.322777390306328,4.623818192782527,-0.05920143865488966,0.03366648930535322,0.0,409.4146568841221,409.0458547431362,409.1940696584289,407.5542653914556
2.880000000000002,1.3676781249223713,-2.789876528948924,18.82625179640331,6.033533402744865,6.274719010318801,0.0,1.140234683245724,-3.491946705145851,4.67938250972605,-0.045888871700635325,0.024797640584767428,0.0,456.24724778166023,455.5387951050117,455.5675666820496,456.6290166337492
2.940000000000002,1.4361617945222467,-3.003167771450366,19.103297797117424,6.030960902069188,6.275891933207268,0.0,1.1424559185833407,-3.618164424789073,4.555786451603541,-0.03744335207691219,0.006155881780211451,0.0,396.86222367745404,395.1471126695383,396.54138846802283,397.3153335365963
3.000000000000002,1.5047932070794232,-3.2251024500810272,19.37682535858763,6.02881008356788,6.275848920288706,0.0,1.1452343072699946,-3.779925766551918,4.5614804533864275,-0.03283211439067608,-0.020292687719688486,0.0,441.4869318878226,439.298921266904,440.398731182505,440.7794529598031
3.0600000000000023,1.573586776151896,-3.456445977078336,19.649292232632735,6.028129705473599,6.274352900142501,0.0,1.1479989945063291,-3.9317637382444666,4.520668849941783,0.01364350184467834,-0.03636748248447289,0.0,426.1350537594782,424.75830597079505,423.8483130491392,427.82451119183816
3.1200000000000023,1.6425998219556484,-3.697609091741994,19.92188302498817,6.028812690764692,6.272257275804048,0.0,1.1526434148256846,-4.107001804108208,4.565262827845776,0.006428479519109093,-0.03219213419096561,0.0,453.6304497096988,453.9651664991859,454.23042514451765,453.6512354083032
3.1800000000000024,1.711945310398495,-3.9495921589338367,20.19822798350207,6.02903566301101,6.270308415343557,0.0,1.159067928681789,-4.292429374504425,4.645609022539432,-0.0023510697794227276,-0.033064991903676046,0.0,466.5578180130646,466.4893121773606,465.9152991359325,465.22820802992607
3.2400000000000024,1.781697291614263,-4.212349024929525,20.47789842487084,6.02887175593664,6.267986825084895,0.0,1.1661974507040533,-4.466239609167934,4.676320875847445,-0.00350435243827846,-0.05338781471417003,0.0,452.4562275924468,450.8159893033592,451.8768266843781,451.78388819552174
3.3000000000000025,1.851881168078474,-4.4848563612388785,20.756630985401806,6.028897021952918,6.265308671751182,0.0,1.1735059292337817,-4.617566236432072,4.614793763338452,0.007299797945519644,-0.0312286573280113,0.0,420.82070968516103,422.7334653582333,421.9250998977503,422.8570310241881
3.3600000000000025,1.9225828878962896,-4.767014358787597,21.03370713977044,6.029200657163866,6.263665958020656,0.0,1.1833742009546921,-4.787820287399999,4.6207918574176885,0.00015672938955402747,-0.02061771933600781,0.0,443.8404578150401,444.7104220643985,445.1586828836231,444.57359847921964
3.4200000000000026,1.9939250240831625,-5.059685690205177,21.312126320851533,6.029173690215387,6.262816164428738,0.0,1.194785517929354,-4.968010054217716,4.659379680573969,-0.0016903498645393935,-0.0036530104200800098,0.0,454.90830527265,456.2650614544436,455.87308349390725,455.7254517405686
3.4800000000000026,2.065961342340806,-5.363176199345851,21.59269651925153,6.029037361882519,6.262765446204863,0.0,1.2064253882065166,-5.148487762668069,4.69251028130604,-0.003461961101320314,0.004250056364843309,0.0,454.781950109186,455.41465989021,454.8815136727042,454.7396429233636
3.5400000000000027,2.138598034039274,-5.67635599123631,21.87065705933569,6.02902154729588,6.263097282404981,0.0,1.2147794072084457,-5.291198042243124,4.5731666783614155,0.005468961398985358,0.007976100868465692,0.0,404.4861862873464,404.8215899914075,404.03655993529463,404.84114127051515
3.6000000000000028,2.211825209818901,-5.999368515802076,22.146142622261003,6.030237188371711,6.264517478537034,0.0,1.2260095791341556,-5.475980448045967,4.609261908406831,0.03994048540310662,0.04415063603972126,0.0,453.950256346874,456.84441619461455,455.4931458114886,458.2421193572572
3.660000000000003,2.285639827263346,-6.3328076517617715,22.421116847914153,6.032475336466835,6.267322431423796,0.0,1.2342421091993836,-5.638803874872779,4.556641908991439,0.031423263398839114,0.05149526054737961,0.0,428.0106141375123,428.6367515561298,427.81147056758294,427.0861940264338
3.720000000000003,2.3599306714756043,-6.6765823416332575,22.695036783829394,6.034411851141034,6.270756510436625,0.0,1.2417963510407761,-5.820430528052832,4.573752739535133,0.03392666112508404,0.06676597657101534,0.0,450.74156357347607,451.9763651155678,449.8898889280243,450.0929489750663
3.780000000000003,2.434618455281339,-7.031581700814968,22.971154290284797,6.036300795229494,6.2746580574201225,0.0,1.247384079638305,-6.0129099358562135,4.6296994060312455,0.0260820117866762,0.06129799483372349,0.0,464.04033140905466,463.6137348274029,463.54148684071174,462.9248045125974
3.840000000000003,2.509540061398066,-7.397503400856689,23.248006026176494,6.037472729844133,6.278458362006365,0.0,1.2496677590453071,-6.184699503046686,4.598641760571242,0.0013270574936218027,0.06713362227753658,0.0,437.0937959391478,437.58293610963983,436.8770648939967,434.8076498720067
3.900000000000003,2.5845231238282356,-7.773436201363172,23.521588076843976,6.037194626261741,6.282237586394809,0.0,1.2494460988206844,-6.346786100543144,4.520879188481203,-0.020547190341805615,0.053044047374355724,0.0,421.2541753465284,420.0368509858244,422.364453913878,420.473314221738
3.960000000000003,2.659434037788165,-8.16025132867467,23.79478619767542,6.03604976123445,0.0024128737004485146,0.0,1.2472444444076183,-6.547361587853061,4.585029145889302,-0.016299438522577238,0.06136273915481626,0.0,466.55794124895334,467.20904408657015,467.11766849633597,467.4489255121571
4.020000000000002,2.7341466282821933,-8.558708904874914,24.06989303707626,6.03531365601383,0.00578416273133886,0.0,1.2428425274758372,-6.734932984326284,4.584846143791546,-0.005227986744221067,0.043048837443247105,0.0,448.58750778681815,447.09963539844017,448.10897620326233,449.0083700755276
4.080000000000001,2.8085470355685294,-8.968026538741983,24.34306875763413,6.034606047116604,0.008533746132387776,0.0,1.2369466816357468,-6.90943433396864,4.521002456762653,-0.03006439580598439,0.050870087443916245,0.0,428.11886976634105,428.78528441571314,428.4567166658028,426.3395069550082
4.14,2.882505262219937,-9.388992797952932,24.616660111865663,6.033281436362136,0.011942257899889341,0.0,1.2279917925917943,-7.123140134431924,4.597873362050184,-0.009594896390420968,0.06661527246482303,0.0,472.436595488232,473.6512315953296,472.66265041349703,474.2378062557818
4.199999999999998,2.9558820810432946,-9.822255378133903,24.892368274673913,6.032308628056644,0.016197779926413247,0.0,1.2175207703234572,-7.319371616660829,4.59204277150487,-0.03470302091897211,0.07838665525862523,0.0,448.242017986695,449.201574473844,450.22133280312534,448.1848466588837
4.259999999999997,3.028560151844062,-10.26722289069543,25.167010797712667,6.030007624594733,0.02118130217229819,0.0,1.20465004962358,-7.513442466200586,4.562387136713588,-0.04687717534892982,0.09105911216769846,0.0,441.01934662399714,442.07064835292545,443.1278270041458,442.12494999848855
4.319999999999996,3.100355749763398,-10.724162719042857,25.440613019967856,6.026815606432528,0.02643927438950744,0.0,1.1880431968018126,-7.718489333630008,4.5571624431288855,-0.07048465075297343,0.07971271331047396,0.0,450.9762639032661,450.06485480735444,451.9984780196497,450.0894975906243
4.379999999999995,3.171075382381716,-11.193380974274985,25.7132020283007,6.022110687621659,0.032110687947610295,0.0,1.168807558490866,-7.922847558193565,4.528630081183908,-0.10316044917885499,0.11421096351481798,0.0,443.3020650879397,446.1355258813804,445.56418084252186,442.87866333017433
4.439999999999993,3.2404302494973805,-11.6758217717383,25.9869626675419,6.016043842079963,0.03859677580959531,0.0,1.1423485621488834,-8.159299030009697,4.595509947040655,-0.09730976888146567,0.09165584187169208,0.0,476.8215670807411,475.104196232615,475.53647971564146,475.97641313792286
4.499999999999992,3.3082535855618858,-12.171393553677735,26.260071103328507,6.010042066155718,0.04457438394960622,0.0,1.117962932618764,-8.360650837083341,4.507771924002059,-0.10610990595945849,0.11208133948060094,0.0,427.71616846825157,429.46137615425334,429.0860262053809,428.32901846563925
4.559999999999991,3.374443347697761,-12.679638661771982,26.529295486604827,6.003696318252114,0.051592826262020886,0.0,1.087768852357913,-8.58175363847485,4.465695655923281,-0.10507705799451576,0.12529590619618353,0.0,444.664116700295,445.75771786708924,444.23419292511187,444.3091086656271
4.6199999999999894,3.4385169850236315,-13.202273337299856,26.799116880227096,5.9975256389668985,0.05874270482549093,0.0,1.0472997971387799,-8.840233045196442,4.526991037075507,-0.09872007959959728,0.1026384889464774,0.0,479.89894017641546,478.1870605363168,478.69771669257085,479.1729444874562
4.679999999999988,3.5000466798960757,-13.740497407858834,27.072046226211377,5.991260015519487,0.06456210543819196,0.0,1.0031350956053007,-9.101411703968152,4.5693479843291565,-0.11938965603252504,0.08223370191983045,0.0,477.9331018206552,476.3821851720165,475.610104881991,474.01500233483904
4.739999999999987,3.559032323162042,-14.293652017647599,27.344206464635885,5.984043527531817,0.06950618353031057,0.0,0.9626603287725225,-9.338083817531539,4.501901939616648,-0.12210474674404627,0.08273419951608131,0.0,442.9208851413242,442.96759367705164,444.7327974260193,444.4972538501466
4.799999999999986,3.6153735617851392,-14.861785480895286,27.61401547504178,5.9781863511312,0.07430716299665185,0.0,0.9149767790187437,-9.60063739644139,4.490606301587826,-0.07069918941602525,0.07393964222547533,0.0,464.29471617353784,463.60886860478104,461.44960889729987,465.48159919713873
4.859999999999984,3.6689864577498392,-15.445010761234695,27.880259810970745,5.974088212935747,0.07848962764635647,0.0,0.8717858858799798,-9.841187038516004,4.383807092128329,-0.06389651214988429,0.05951508116701935,0.0,434.6254292793554,433.4182119061617,434.8109968188392,435.3770473617249
4.919999999999983,3.7195570145262975,-16.044362811045985,28.144680670835466,5.970226747959355,0.08188856832650071,0.0,0.8136330441653759,-10.137996795503732,4.428812795582592,-0.06529610701565443,0.05019559932452437,0.0,484.8350745130766,484.13609063736936,484.3200475771818,484.21208397980564
4.979999999999982,3.7669355480817583,-16.66039090636225,28.407526807844068,5.966351065473523,0.08499501927349673,0.0,0.7654270602614844,-10.39729563072752,4.332176761651359,-0.0632282095558399,0.054756857975373684,0.0,442.2199741575754,442.59737993379775,441.6245297708725,441.792024577813
5.0399999999999805,3.8114222670496076,-17.29201247988602,28.663932560016722,5.962852880168308,0.08868906201875326,0.0,0.7172004801805949,-10.657842072530869,4.214241572472015,-0.04993028737921244,0.07254599927765727,0.0,435.24897514893826,436.73839957287873,435.6848316693505,436.79306658014826
